val_loss: 0.1981286062083838
auroc_macro: 0.7309086322784424
accuracy_micro: 0.9293554425239563
precision_micro: 0.6728090047836304
recall_micro: 0.316535085439682
f1_micro: 0.43052294850349426
f1_macro: 0.057480357587337494
threshold: 0.5
epochs: 40
