val_loss: 0.01950136205491145
auroc_macro: 0.7296806573867798
accuracy_micro: 0.922981321811676
precision_micro: 0.782092273235321
recall_micro: 0.12066534906625748
f1_micro: 0.20907370746135712
f1_macro: 0.028481656685471535
threshold: 0.5
epochs: 34
