val_loss: 0.19927303524919804
auroc_macro: 0.7020862698554993
accuracy_micro: 0.9303187131881714
precision_micro: 0.6974884271621704
recall_micro: 0.30730193853378296
f1_micro: 0.42663535475730896
f1_macro: 0.04865766689181328
threshold: 0.5
epochs: 37
