val_loss: 0.020558308836078
auroc_macro: 0.6851587295532227
accuracy_micro: 0.9238018989562988
precision_micro: 0.7159484028816223
recall_micro: 0.16041725873947144
f1_micro: 0.2621062994003296
f1_macro: 0.033234767615795135
threshold: 0.5
epochs: 6
