val_loss: 0.19836935146585177
auroc_macro: 0.7267455458641052
accuracy_micro: 0.9297894835472107
precision_micro: 0.6753610372543335
recall_micro: 0.32301944494247437
f1_micro: 0.4370172619819641
f1_macro: 0.05859947204589844
threshold: 0.5
epochs: 28
