val_loss: 0.02040871268100412
auroc_macro: 0.6673796772956848
accuracy_micro: 0.9180164337158203
precision_micro: 0.792397677898407
recall_micro: 0.03820129856467247
f1_micro: 0.07288865000009537
f1_macro: 0.010890094563364983
threshold: 0.5
epochs: 4
